	species	island	calorie requirement	average sleep duration	bill_length_mm	bill_depth_mm	flipper_length_mm	body_mass_g	gender	year	species_Adelie	species_Chinstrap	species_Gentoo	island_Biscoe	island_Dream	island_Torgersen	gender_Female	gender_Male
0	Adelie	Torgersen	0.8283238559436772	11	0.2545454545454545	0.6666666666666666	0.15254237288135594	0.2916666666666667	Male	2007.0	1	0	0	0	0	1	0	1
1	Adelie	Torgersen	0.3753046303818034	14	0.26909090909090905	0.5119047619047618	0.23728813559322035	0.3055555555555556	Female	2007.0	1	0	0	0	0	1	1	0
2	Adelie	Torgersen	0.9964798266991606	11	0.29818181818181805	0.5833333333333334	0.3898305084745763	0.1527777777777778	Female	2007.0	1	0	0	0	0	1	1	0
3	Adelie	Torgersen	0.1800704034660168	8	0.4870623145400592	0.5855140855140856	0.4366928974979824	0.375	Male	2007.0	1	0	0	0	0	1	0	1
4	Adelie	Torgersen	0.3438938532358516	8	0.16727272727272732	0.7380952380952381	0.3559322033898305	0.20833333333333334	Female	2007.0	1	0	0	0	0	1	1	0
5	Adelie	Torgersen	0.24343352288112646	13	0.26181818181818167	0.892857142857143	0.3050847457627119	0.2638888888888889	Male	2007.0	1	0	0	0	0	1	0	1
6	Adelie	Torgersen	0.4243162740319523	11	0.24727272727272717	0.5595238095238096	0.15254237288135594	0.2569444444444444	Female	2007.0	1	0	0	0	0	1	1	0
7	Adelie	Torgersen	0.892228540481993	9	0.25818181818181823	0.773809523809524	0.3898305084745763	0.5486111111111112	Male	2007.0	1	0	0	0	0	1	0	1
8	Adelie	Torgersen	0.5656647711887355	8	0.07272727272727272	0.5952380952380955	0.3559322033898305	0.2152777777777778	Male	2007.0	1	0	0	0	0	1	0	1
9	Adelie	Torgersen	0.7503384782020038	7	0.35999999999999993	0.8452380952380951	0.3050847457627119	0.4305555555555556	Male	2007.0	1	0	0	0	0	1	0	1
10	Adelie	Torgersen	0.44164635797454643	10	0.2072727272727271	0.4761904761904764	0.23728813559322035	0.16666666666666666	Male	2007.0	1	0	0	0	0	1	0	1
11	Adelie	Torgersen	0.6815597075548334	7	0.2072727272727271	0.5000000000000001	0.13559322033898305	0.2777777777777778	Male	2007.0	1	0	0	0	0	1	0	1
12	Adelie	Torgersen	0.8502572434335229	12	0.32727272727272727	0.5357142857142859	0.1694915254237288	0.1388888888888889	Female	2007.0	1	0	0	0	0	1	1	0
13	Adelie	Torgersen	0.35418359057676685	10	0.23636363636363636	0.9642857142857142	0.3220338983050847	0.3055555555555556	Male	2007.0	1	0	0	0	0	1	0	1
14	Adelie	Torgersen	0.3008394259409694	9	0.09090909090909091	0.9523809523809526	0.4406779661016949	0.4722222222222222	Male	2007.0	1	0	0	0	0	1	0	1
15	Adelie	Torgersen	0.9542377470890875	10	0.16363636363636364	0.5595238095238096	0.22033898305084745	0.2777777777777778	Female	2007.0	1	0	0	0	0	1	1	0
16	Adelie	Torgersen	0.13187110750067696	12	0.24000000000000005	0.7023809523809524	0.3898305084745763	0.20833333333333334	Female	2007.0	1	0	0	0	0	1	1	0
17	Adelie	Torgersen	0.8229082047116165	8	0.46909090909090906	0.9047619047619047	0.423728813559322	0.5	Male	2007.0	1	0	0	0	0	1	0	1
18	Adelie	Torgersen	0.5548334687246141	8	0.08363636363636354	0.6309523809523808	0.2033898305084746	0.1736111111111111	Female	2007.0	1	0	0	0	0	1	1	0
19	Adelie	Torgersen	0.982669916057406	7	0.5054545454545454	1.0	0.3728813559322034	0.4166666666666667	Male	2007.0	1	0	0	0	0	1	0	1
20	Adelie	Biscoe	0.17546709991876522	7	0.2072727272727271	0.6190476190476192	0.03389830508474576	0.19444444444444445	Female	2007.0	1	0	0	1	0	0	1	0
21	Adelie	Biscoe	0.17167614405632278	8	0.46909090909090906	0.6666666666666666	0.13559322033898305	0.25	Male	2007.0	1	0	0	1	0	0	0	1
22	Adelie	Biscoe	0.1389114541023558	12	0.13818181818181807	0.7261904761904762	0.288135593220339	0.3055555555555556	Female	2007.0	1	0	0	1	0	0	1	0
23	Adelie	Biscoe	0.2799891686975359	11	0.22181818181818186	0.5952380952380955	0.22033898305084745	0.3472222222222222	Male	2007.0	1	0	0	1	0	0	0	1
24	Adelie	Biscoe	0.8662334145681018	10	0.24363636363636348	0.488095238095238	0.13559322033898305	0.3055555555555556	Male	2007.0	1	0	0	1	0	0	0	1
25	Adelie	Biscoe	0.6688329271594909	13	0.11636363636363621	0.6904761904761904	0.2542372881355932	0.3055555555555556	Female	2007.0	1	0	0	1	0	0	1	0
26	Adelie	Biscoe	0.4156512320606553	8	0.3090909090909091	0.654761904761905	0.1864406779661017	0.2361111111111111	Male	2007.0	1	0	0	1	0	0	0	1
27	Adelie	Biscoe	0.8248036826428378	8	0.3054545454545454	0.5714285714285713	0.2542372881355932	0.1388888888888889	Female	2007.0	1	0	0	1	0	0	1	0
28	Adelie	Biscoe	0.10722989439480098	11	0.2109090909090908	0.654761904761905	0.0	0.125	Female	2007.0	1	0	0	1	0	0	1	0
29	Adelie	Biscoe	0.47386948280530733	7	0.3054545454545454	0.6904761904761904	0.13559322033898305	0.3472222222222222	Male	2007.0	1	0	0	1	0	0	0	1
30	Adelie	Dream	0.5407527755212564	11	0.26909090909090905	0.4285714285714285	0.1016949152542373	0.1527777777777778	Female	2007.0	1	0	0	0	1	0	1	0
31	Adelie	Dream	0.044408340102897376	10	0.1854545454545455	0.5952380952380955	0.1016949152542373	0.3333333333333333	Male	2007.0	1	0	0	0	1	0	0	1
32	Adelie	Dream	0.8656918494448957	9	0.26909090909090905	0.5595238095238096	0.2711864406779661	0.16666666666666666	Female	2007.0	1	0	0	0	1	0	1	0
33	Adelie	Dream	0.8776062821554292	10	0.3199999999999999	0.6904761904761904	0.2033898305084746	0.3333333333333333	Male	2007.0	1	0	0	0	1	0	0	1
34	Adelie	Dream	0.27484430002707827	14	0.15636363636363626	0.4642857142857143	0.3898305084745763	0.1736111111111111	Female	2007.0	1	0	0	0	1	0	1	0
35	Adelie	Dream	0.1502843216896832	12	0.25818181818181823	0.9523809523809526	0.4067796610169492	0.4027777777777778	Male	2007.0	1	0	0	0	1	0	0	1
36	Adelie	Dream	0.06877877064717032	7	0.24363636363636348	0.5238095238095238	0.3050847457627119	0.3472222222222222	Male	2007.0	1	0	0	0	1	0	0	1
37	Adelie	Dream	0.941781749255348	9	0.3672727272727273	0.6428571428571429	0.13559322033898305	0.2361111111111111	Female	2007.0	1	0	0	0	1	0	1	0
38	Adelie	Dream	0.49147034930950445	7	0.2	0.7380952380952381	0.15254237288135594	0.16666666666666666	Female	2007.0	1	0	0	0	1	0	1	0
39	Adelie	Dream	0.2469536961819659	7	0.27999999999999986	0.7142857142857144	0.2033898305084746	0.5416666666666666	Male	2007.0	1	0	0	0	1	0	0	1
40	Adelie	Dream	0.6923910100189548	13	0.15999999999999995	0.5833333333333334	0.1694915254237288	0.125	Female	2007.0	1	0	0	0	1	0	1	0
41	Adelie	Dream	0.08773354995938261	14	0.31636363636363624	0.6309523809523808	0.3898305084745763	0.3333333333333333	Male	2007.0	1	0	0	0	1	0	0	1
42	Adelie	Dream	0.3547251556999729	9	0.14181818181818176	0.6428571428571429	0.23728813559322035	0.1111111111111111	Female	2007.0	1	0	0	0	1	0	1	0
43	Adelie	Dream	0.97590035201733	12	0.43636363636363634	0.7857142857142856	0.4067796610169492	0.4722222222222222	Male	2007.0	1	0	0	0	1	0	0	1
44	Adelie	Dream	0.12076902247495261	13	0.17818181818181814	0.4523809523809522	0.22033898305084745	0.08333333333333333	Female	2007.0	1	0	0	0	1	0	1	0
45	Adelie	Dream	0.5789331167072841	14	0.2727272727272727	0.6785714285714287	0.3050847457627119	0.5277777777777778	Male	2007.0	1	0	0	0	1	0	0	1
46	Adelie	Dream	0.7673977795829948	8	0.32727272727272727	0.7023809523809524	0.1694915254237288	0.2013888888888889	Male	2007.0	1	0	0	0	1	0	0	1
47	Adelie	Dream	0.6593555375033848	7	0.19636363636363632	0.6904761904761904	0.11864406779661017	0.0763888888888889	Male	2007.0	1	0	0	0	1	0	0	1
48	Adelie	Dream	0.3103168155970755	7	0.14181818181818176	0.5714285714285713	0.3050847457627119	0.20833333333333334	Female	2007.0	1	0	0	0	1	0	1	0
49	Adelie	Dream	0.6225291091253723	12	0.37090909090909074	0.9642857142857142	0.3220338983050847	0.4027777777777778	Male	2007.0	1	0	0	0	1	0	0	1
50	Adelie	Biscoe	0.12618467370701328	8	0.2727272727272727	0.5476190476190476	0.23728813559322035	0.2222222222222222	Female	2008.0	1	0	0	1	0	0	1	0
51	Adelie	Biscoe	0.30760898998104524	8	0.2909090909090909	0.6904761904761904	0.2711864406779661	0.4444444444444444	Male	2008.0	1	0	0	1	0	0	0	1
52	Adelie	Biscoe	0.01868399675060926	8	0.1054545454545454	0.5714285714285713	0.3050847457627119	0.20833333333333334	Female	2008.0	1	0	0	1	0	0	1	0
53	Adelie	Biscoe	0.5607906850798808	14	0.35999999999999993	0.7619047619047619	0.4745762711864407	0.375	Male	2008.0	1	0	0	1	0	0	0	1
54	Adelie	Biscoe	0.7481722177091795	9	0.08727272727272722	0.5952380952380955	0.2542372881355932	0.05555555555555555	Female	2008.0	1	0	0	1	0	0	1	0
55	Adelie	Biscoe	0.6274031952342269	13	0.3381818181818181	0.654761904761905	0.3220338983050847	0.2777777777777778	Male	2008.0	1	0	0	1	0	0	0	1
56	Adelie	Biscoe	0.3617655023016518	10	0.25090909090909086	0.5238095238095238	0.23728813559322035	0.2361111111111111	Female	2008.0	1	0	0	1	0	0	1	0
57	Adelie	Biscoe	0.7414026536691037	7	0.3090909090909091	0.6785714285714287	0.3559322033898305	0.3055555555555556	Male	2008.0	1	0	0	1	0	0	0	1
58	Adelie	Biscoe	0.29406986190089357	10	0.15999999999999995	0.41666666666666685	0.15254237288135594	0.041666666666666664	Female	2008.0	1	0	0	1	0	0	1	0
59	Adelie	Biscoe	0.4031952342269158	13	0.2	0.7142857142857144	0.3728813559322034	0.2916666666666667	Male	2008.0	1	0	0	1	0	0	0	1
60	Adelie	Biscoe	0.8640671540752776	10	0.13090909090909095	0.4523809523809522	0.22033898305084745	0.125	Female	2008.0	1	0	0	1	0	0	1	0
61	Adelie	Biscoe	0.05821825074465205	13	0.33454545454545437	0.9523809523809526	0.3898305084745763	0.4722222222222222	Male	2008.0	1	0	0	1	0	0	0	1
62	Adelie	Biscoe	0.4606011372867587	7	0.2	0.4642857142857143	0.22033898305084745	0.25	Female	2008.0	1	0	0	1	0	0	1	0
63	Adelie	Biscoe	0.21554291903601408	8	0.32727272727272727	0.6071428571428571	0.3389830508474576	0.375	Male	2008.0	1	0	0	1	0	0	0	1
64	Adelie	Biscoe	0.7828323855943677	12	0.15636363636363626	0.4761904761904764	0.2033898305084746	0.041666666666666664	Female	2008.0	1	0	0	1	0	0	1	0
65	Adelie	Biscoe	0.8543189818575684	12	0.34545454545454546	0.5833333333333334	0.3389830508474576	0.3472222222222222	Male	2008.0	1	0	0	1	0	0	0	1
66	Adelie	Biscoe	0.17709179528838342	7	0.12363636363636359	0.369047619047619	0.3898305084745763	0.18055555555555555	Female	2008.0	1	0	0	1	0	0	1	0
67	Adelie	Biscoe	0.8421337665854319	11	0.32727272727272727	0.7142857142857144	0.2711864406779661	0.3888888888888889	Male	2008.0	1	0	0	1	0	0	0	1
68	Adelie	Torgersen	0.6049282426211752	10	0.13818181818181807	0.41666666666666685	0.3050847457627119	0.09722222222222222	Female	2008.0	1	0	0	0	0	1	1	0
69	Adelie	Torgersen	0.3295423774708909	10	0.35272727272727256	0.7499999999999999	0.4406779661016949	0.4861111111111111	Male	2008.0	1	0	0	0	0	1	0	1
70	Adelie	Torgersen	0.07121581370159762	9	0.050909090909090855	0.7023809523809524	0.3050847457627119	0.25	Female	2008.0	1	0	0	0	0	1	1	0
71	Adelie	Torgersen	0.13268345518548605	9	0.2763636363636364	0.6309523809523808	0.3050847457627119	0.3333333333333333	Male	2008.0	1	0	0	0	0	1	0	1
72	Adelie	Torgersen	0.12212293528296778	12	0.46909090909090906	0.488095238095238	0.4067796610169492	0.375	Male	2008.0	1	0	0	0	0	1	0	1
73	Adelie	Torgersen	0.08719198483617654	13	0.498181818181818	0.6904761904761904	0.423728813559322	0.4027777777777778	Male	2008.0	1	0	0	0	0	1	0	1
74	Adelie	Torgersen	0.15922014622258326	9	0.12363636363636359	0.5238095238095238	0.3050847457627119	0.2777777777777778	Female	2008.0	1	0	0	0	0	1	1	0
75	Adelie	Torgersen	0.5139453019225562	7	0.38909090909090893	0.6428571428571429	0.3898305084745763	0.4305555555555556	Male	2008.0	1	0	0	0	0	1	0	1
76	Adelie	Torgersen	0.8082859463850528	8	0.3199999999999999	0.4404761904761906	0.3220338983050847	0.2777777777777778	Female	2008.0	1	0	0	0	0	1	1	0
77	Adelie	Torgersen	0.37232602220417005	10	0.1854545454545455	0.7499999999999999	0.2033898305084746	0.3333333333333333	Male	2008.0	1	0	0	0	0	1	0	1
78	Adelie	Torgersen	0.9937720010831302	14	0.14909090909090914	0.3571428571428573	0.2542372881355932	0.2361111111111111	Female	2008.0	1	0	0	0	0	1	1	0
79	Adelie	Torgersen	0.338748984565394	10	0.36363636363636365	0.7142857142857144	0.3898305084745763	0.3611111111111111	Male	2008.0	1	0	0	0	0	1	0	1
80	Adelie	Torgersen	0.36799350121852153	8	0.09090909090909091	0.488095238095238	0.288135593220339	0.1388888888888889	Female	2008.0	1	0	0	0	0	1	1	0
81	Adelie	Torgersen	0.25318169509883565	14	0.39272727272727265	0.5357142857142859	0.4067796610169492	0.5555555555555556	Male	2008.0	1	0	0	0	0	1	0	1
82	Adelie	Torgersen	0.21527213647441104	13	0.16727272727272732	0.6785714285714287	0.2542372881355932	0.3055555555555556	Female	2008.0	1	0	0	0	0	1	1	0
83	Adelie	Biscoe	0.36663958841050637	13	0.10909090909090909	0.5855140855140856	0.4366928974979824	0.4166666666666667	Male	2008.0	1	0	0	1	0	0	0	1
84	Adelie	Dream	0.23612239371784458	10	0.18909090909090895	0.5595238095238096	0.3220338983050847	0.18055555555555555	Female	2008.0	1	0	0	0	1	0	1	0
85	Adelie	Dream	0.32223124830760896	8	0.33454545454545437	0.8571428571428572	0.3728813559322034	0.2361111111111111	Male	2008.0	1	0	0	0	1	0	0	1
86	Adelie	Dream	0.38613593284592473	13	0.15272727272727257	0.7619047619047619	0.3050847457627119	0.3055555555555556	Male	2008.0	1	0	0	0	1	0	0	1
87	Adelie	Dream	0.21093961548876253	10	0.17454545454545445	0.654761904761905	0.288135593220339	0.2222222222222222	Female	2008.0	1	0	0	0	1	0	1	0
88	Adelie	Dream	0.6539398862713242	9	0.2254545454545453	0.7261904761904762	0.288135593220339	0.3472222222222222	Male	2008.0	1	0	0	0	1	0	0	1
89	Adelie	Dream	0.0	12	0.24727272727272717	0.6785714285714287	0.3050847457627119	0.25	Female	2008.0	1	0	0	0	1	0	1	0
90	Adelie	Dream	0.4979691307879773	14	0.13090909090909095	0.5833333333333334	0.5084745762711864	0.2361111111111111	Female	2008.0	1	0	0	0	1	0	1	0
91	Adelie	Dream	0.826699160574059	11	0.32727272727272727	0.5952380952380955	0.559322033898305	0.4444444444444444	Male	2008.0	1	0	0	0	1	0	0	1
92	Adelie	Dream	0.3000270782561603	12	0.46909090909090906	0.4761904761904764	0.43021085552865224	0.19444444444444445	Female	2008.0	1	0	0	0	1	0	1	0
93	Adelie	Dream	0.8131600324939074	11	0.2727272727272727	0.5952380952380955	0.23728813559322035	0.4861111111111111	Male	2008.0	1	0	0	0	1	0	0	1
94	Adelie	Dream	0.5174654752233956	13	0.14909090909090914	0.5000000000000001	0.2542372881355932	0.16666666666666666	Female	2008.0	1	0	0	0	1	0	1	0
95	Adelie	Dream	0.40834010289737344	10	0.31636363636363624	0.6904761904761904	0.6101694915254238	0.4444444444444444	Male	2008.0	1	0	0	0	1	0	0	1
96	Adelie	Dream	0.7988085567289467	9	0.21818181818181817	0.654761904761905	0.3050847457627119	0.2777777777777778	Female	2008.0	1	0	0	0	1	0	1	0
97	Adelie	Dream	0.1083130246412131	13	0.29818181818181805	0.6428571428571429	0.4067796610169492	0.4583333333333333	Male	2008.0	1	0	0	0	1	0	0	1
98	Adelie	Dream	0.7181153533712429	8	0.03636363636363636	0.3571428571428573	0.1016949152542373	0.05555555555555555	Female	2008.0	1	0	0	0	1	0	1	0
99	Adelie	Dream	0.9157866233414568	8	0.4036363636363637	0.6428571428571429	0.3389830508474576	0.3888888888888889	Male	2008.0	1	0	0	0	1	0	0	1
100	Adelie	Biscoe	0.09558624424587056	11	0.1054545454545454	0.5714285714285713	0.3389830508474576	0.2847222222222222	Female	2009.0	1	0	0	1	0	0	1	0
101	Adelie	Biscoe	0.46764148388843757	10	0.3236363636363636	0.8214285714285714	0.5254237288135594	0.5625	Male	2009.0	1	0	0	1	0	0	0	1
102	Adelie	Biscoe	0.7462767397779583	7	0.2036363636363637	0.3452380952380953	0.1864406779661017	0.10416666666666667	Female	2009.0	1	0	0	1	0	0	1	0
103	Adelie	Biscoe	0.9848361765502301	8	0.2072727272727271	0.8214285714285714	0.3050847457627119	0.4305555555555556	Male	2009.0	1	0	0	1	0	0	0	1
104	Adelie	Biscoe	0.31248307608989984	12	0.2109090909090908	0.654761904761905	0.3559322033898305	0.0625	Female	2009.0	1	0	0	1	0	0	1	0
105	Adelie	Biscoe	0.3934470620092066	10	0.2763636363636364	0.6904761904761904	0.2033898305084746	0.2361111111111111	Male	2009.0	1	0	0	1	0	0	0	1
106	Adelie	Biscoe	0.8743568914161928	13	0.23636363636363636	0.488095238095238	0.4576271186440678	0.2916666666666667	Female	2009.0	1	0	0	1	0	0	1	0
107	Adelie	Biscoe	0.6796642296236123	10	0.22181818181818186	0.8214285714285714	0.3050847457627119	0.3333333333333333	Male	2009.0	1	0	0	1	0	0	0	1
108	Adelie	Biscoe	0.22474952613051719	12	0.21818181818181817	0.4642857142857143	0.15254237288135594	0.13194444444444445	Female	2009.0	1	0	0	1	0	0	1	0
109	Adelie	Biscoe	0.40779853777416736	14	0.4036363636363637	0.7023809523809524	0.423728813559322	0.5763888888888888	Male	2009.0	1	0	0	1	0	0	0	1
110	Adelie	Biscoe	0.7089087462767398	13	0.21818181818181817	0.40476190476190477	0.4406779661016949	0.3125	Female	2009.0	1	0	0	1	0	0	1	0
111	Adelie	Biscoe	0.7078256160303277	14	0.4909090909090909	0.8571428571428572	0.3220338983050847	0.5277777777777778	Male	2009.0	1	0	0	1	0	0	0	1
112	Adelie	Biscoe	0.570268074735987	11	0.2763636363636364	0.5476190476190476	0.3559322033898305	0.1388888888888889	Female	2009.0	1	0	0	1	0	0	1	0
113	Adelie	Biscoe	0.6810181424316274	14	0.3672727272727273	0.7619047619047619	0.423728813559322	0.4375	Male	2009.0	1	0	0	1	0	0	0	1
114	Adelie	Biscoe	0.2783644733279177	11	0.2727272727272727	0.9047619047619047	0.3220338983050847	0.3333333333333333	Female	2009.0	1	0	0	1	0	0	1	0
115	Adelie	Biscoe	0.35797454643920934	11	0.3854545454545455	0.6190476190476192	0.4067796610169492	0.3819444444444444	Male	2009.0	1	0	0	1	0	0	0	1
116	Adelie	Torgersen	0.5621445978878961	12	0.4870623145400592	0.5238095238095238	0.2711864406779661	0.05555555555555555	Female	2009.0	1	0	0	0	0	1	1	0
117	Adelie	Torgersen	0.3322502030869212	12	0.18909090909090895	0.8809523809523809	0.4576271186440678	0.2986111111111111	Male	2009.0	1	0	0	0	0	1	0	1
118	Adelie	Torgersen	0.48605469807744384	14	0.13090909090909095	0.4642857142857143	0.288135593220339	0.18055555555555555	Female	2009.0	1	0	0	0	0	1	1	0
119	Adelie	Torgersen	0.32250203086921203	11	0.32727272727272727	0.654761904761905	0.288135593220339	0.1736111111111111	Male	2009.0	1	0	0	0	0	1	0	1
120	Adelie	Torgersen	0.578662334145681	13	0.14909090909090914	0.488095238095238	0.2542372881355932	0.125	Female	2009.0	1	0	0	0	0	1	1	0
121	Adelie	Torgersen	0.21391822366639587	13	0.4870623145400592	0.5855140855140856	0.43021085552865224	0.2222222222222222	Male	2009.0	1	0	0	0	0	1	0	1
122	Adelie	Torgersen	0.5632277281343081	14	0.2945454545454546	0.4642857142857143	0.06779661016949153	0.20833333333333334	Female	2009.0	1	0	0	0	0	1	1	0
123	Adelie	Torgersen	0.8464662875710804	7	0.3381818181818181	0.6428571428571429	0.5084745762711864	0.3263888888888889	Male	2009.0	1	0	0	0	0	1	0	1
124	Adelie	Torgersen	0.8822095857026807	14	0.11272727272727277	0.3333333333333334	0.23728813559322035	0.09722222222222222	Female	2009.0	1	0	0	0	0	1	1	0
125	Adelie	Torgersen	0.3281884646628757	12	0.3090909090909091	0.7023809523809524	0.4576271186440678	0.3611111111111111	Male	2009.0	1	0	0	0	0	1	0	1
126	Adelie	Torgersen	0.057676685621445976	11	0.24363636363636348	0.5357142857142859	0.3220338983050847	0.1597222222222222	Female	2009.0	1	0	0	0	0	1	1	0
127	Adelie	Torgersen	0.9553208773354996	9	0.34181818181818174	0.6190476190476192	0.3898305084745763	0.4444444444444444	Male	2009.0	1	0	0	0	0	1	0	1
128	Adelie	Torgersen	0.6477118873544544	7	0.25090909090909086	0.4761904761904764	0.3220338983050847	0.09722222222222222	Female	2009.0	1	0	0	0	0	1	1	0
129	Adelie	Torgersen	0.08285946385052803	14	0.43636363636363634	0.5833333333333334	0.6440677966101694	0.3611111111111111	Male	2009.0	1	0	0	0	0	1	0	1
130	Adelie	Torgersen	0.9618196588139724	10	0.23272727272727267	0.5714285714285713	0.3050847457627119	0.1736111111111111	Female	2009.0	1	0	0	0	0	1	1	0
131	Adelie	Torgersen	0.4432710533441646	14	0.4	0.7261904761904762	0.423728813559322	0.2222222222222222	Male	2009.0	1	0	0	0	0	1	0	1
132	Adelie	Dream	0.3284592472244787	7	0.17090909090909076	0.6428571428571429	0.3559322033898305	0.2222222222222222	Female	2009.0	1	0	0	0	1	0	1	0
133	Adelie	Dream	0.7416734362307067	14	0.19636363636363632	0.6428571428571429	0.4576271186440678	0.4930555555555556	Male	2009.0	1	0	0	0	1	0	0	1
134	Adelie	Dream	0.09098294069861901	13	0.21818181818181817	0.5357142857142859	0.2542372881355932	0.2013888888888889	Female	2009.0	1	0	0	0	1	0	1	0
135	Adelie	Biscoe	0.8396967235310046	9	0.4870623145400592	0.5855140855140856	0.3050847457627119	0.375	Male	2009.0	1	0	0	1	0	0	0	1
136	Adelie	Dream	0.611968589222854	14	0.12727272727272726	0.5238095238095238	0.3220338983050847	0.13194444444444445	Female	2009.0	1	0	0	0	1	0	1	0
137	Adelie	Dream	0.9425940969401571	9	0.2945454545454546	0.8333333333333335	0.4745762711864407	0.3541666666666667	Male	2009.0	1	0	0	0	1	0	0	1
138	Adelie	Dream	0.7181153533712429	9	0.17818181818181814	0.40476190476190477	0.22033898305084745	0.19444444444444445	Female	2009.0	1	0	0	0	1	0	1	0
139	Adelie	Dream	0.4159220146222583	14	0.2763636363636364	0.5714285714285713	0.3559322033898305	0.4305555555555556	Male	2009.0	1	0	0	0	1	0	0	1
140	Adelie	Dream	0.13349580287029517	12	0.2945454545454546	0.4761904761904764	0.3559322033898305	0.19444444444444445	Female	2009.0	1	0	0	0	1	0	1	0
141	Adelie	Dream	0.9044137557541294	10	0.3090909090909091	0.488095238095238	0.2542372881355932	0.2152777777777778	Male	2009.0	1	0	0	0	1	0	0	1
142	Adelie	Dream	0.3149201191443271	11	0.0	0.28571428571428575	0.2711864406779661	0.09722222222222222	Female	2009.0	1	0	0	0	1	0	1	0
143	Adelie	Dream	0.6926617925805578	10	0.3127272727272728	0.4642857142857143	0.3050847457627119	0.2847222222222222	Male	2009.0	1	0	0	0	1	0	0	1
144	Adelie	Dream	0.03899268887083672	7	0.18909090909090895	0.4404761904761906	0.3389830508474576	0.08333333333333333	Female	2009.0	1	0	0	0	1	0	1	0
145	Adelie	Dream	0.9076631464933659	8	0.25090909090909086	0.6666666666666666	0.22033898305084745	0.2638888888888889	Male	2009.0	1	0	0	0	1	0	0	1
146	Adelie	Dream	0.6095315461684268	12	0.25818181818181823	0.654761904761905	0.3050847457627119	0.4305555555555556	Male	2009.0	1	0	0	0	1	0	0	1
147	Adelie	Biscoe	0.7722718656918495	10	0.46909090909090906	0.6309523809523808	0.2033898305084746	0.2152777777777778	Male	2009.0	1	0	0	1	0	0	0	1
148	Adelie	Dream	0.09612780936907662	7	0.14181818181818176	0.5595238095238096	0.3898305084745763	0.20833333333333334	Female	2009.0	1	0	0	0	1	0	1	0
149	Adelie	Dream	0.015976171134578932	8	0.2072727272727271	0.5952380952380955	0.3559322033898305	0.2916666666666667	Male	2009.0	1	0	0	0	1	0	0	1
150	Adelie	Dream	0.21960465746005958	9	0.14181818181818176	0.4761904761904764	0.2542372881355932	0.2777777777777778	Female	2009.0	1	0	0	0	1	0	1	0
151	Adelie	Dream	0.1505551042512862	12	0.34181818181818174	0.6428571428571429	0.4915254237288136	0.3611111111111111	Male	2009.0	1	0	0	0	1	0	0	1
152	Gentoo	Biscoe	0.8367181153533713	12	0.509090909090909	0.011904761904761862	0.6610169491525424	0.5	Female	2007.0	0	0	1	1	0	0	1	0
153	Gentoo	Biscoe	0.24343352288112646	11	0.6509090909090909	0.38095238095238104	0.9830508474576272	0.8333333333333334	Male	2007.0	0	0	1	1	0	0	0	1
154	Gentoo	Biscoe	0.3620362848632548	10	0.6036363636363636	0.5855140855140856	0.6440677966101694	0.4861111111111111	Male	2007.0	0	0	1	1	0	0	0	1
155	Gentoo	Biscoe	0.1115624153804495	14	0.6509090909090909	0.24999999999999994	0.7796610169491526	0.8333333333333334	Male	2007.0	0	0	1	1	0	0	0	1
156	Gentoo	Biscoe	0.2594096940157054	11	0.5636363636363636	0.1666666666666667	0.7288135593220338	0.75	Male	2007.0	0	0	1	1	0	0	0	1
157	Gentoo	Biscoe	0.8120769022474953	8	0.5236363636363636	0.04761904761904766	0.6440677966101694	0.5138888888888888	Female	2007.0	0	0	1	1	0	0	1	0
158	Gentoo	Biscoe	0.7156783103168156	11	0.48363636363636353	0.17857142857142858	0.6610169491525424	0.5833333333333334	Female	2007.0	0	0	1	1	0	0	1	0
159	Gentoo	Biscoe	0.6848090982940699	13	0.530909090909091	0.26190476190476203	0.7966101694915254	0.6944444444444444	Male	2007.0	0	0	1	1	0	0	0	1
160	Gentoo	Biscoe	0.8637963715136745	10	0.4072727272727271	0.035714285714285796	0.6271186440677966	0.4722222222222222	Female	2007.0	0	0	1	1	0	0	1	0
161	Gentoo	Biscoe	0.33549959382615757	12	0.5345454545454544	0.5238095238095238	0.7288135593220338	0.6805555555555556	Male	2007.0	0	0	1	1	0	0	0	1
162	Gentoo	Biscoe	0.5943677227186569	7	0.3199999999999999	0.07142857142857138	0.711864406779661	0.5416666666666666	Female	2007.0	0	0	1	1	0	0	1	0
163	Gentoo	Biscoe	0.4329813160032494	14	0.6145454545454545	0.3571428571428573	0.7457627118644068	0.7916666666666666	Male	2007.0	0	0	1	1	0	0	0	1
164	Gentoo	Biscoe	0.9891686975358787	10	0.48727272727272725	0.07142857142857138	0.711864406779661	0.5416666666666666	Female	2007.0	0	0	1	1	0	0	1	0
165	Gentoo	Biscoe	0.7627944760357434	13	0.5927272727272727	0.17857142857142858	0.6949152542372882	0.875	Male	2007.0	0	0	1	1	0	0	0	1
166	Gentoo	Biscoe	0.7898727321960466	11	0.498181818181818	0.17857142857142858	0.6440677966101694	0.4166666666666667	Female	2007.0	0	0	1	1	0	0	1	0
167	Gentoo	Biscoe	0.2223124830760899	14	0.6254545454545453	0.3095238095238095	0.7627118644067796	0.875	Male	2007.0	0	0	1	1	0	0	0	1
168	Gentoo	Biscoe	0.32629298673165447	13	0.35999999999999993	0.04761904761904766	0.6440677966101694	0.4027777777777778	Female	2007.0	0	0	1	1	0	0	1	0
169	Gentoo	Biscoe	0.04684538315732467	9	0.6218181818181818	0.24999999999999994	0.8305084745762712	1.0	Male	2007.0	0	0	1	1	0	0	0	1
170	Gentoo	Biscoe	0.48470078526942867	13	0.5127272727272728	0.1666666666666667	0.6271186440677966	0.5833333333333334	Female	2007.0	0	0	1	1	0	0	1	0
171	Adelie	Biscoe	0.9309504467912266	12	0.6036363636363636	0.23809523809523808	0.847457627118644	0.7361111111111112	Male	2009.0	1	0	0	1	0	0	0	1
172	Gentoo	Biscoe	0.40888166802057946	11	0.6581818181818182	0.142857142857143	0.7796610169491526	0.8333333333333334	Male	2007.0	0	0	1	1	0	0	0	1
173	Adelie	Biscoe	0.966693744922827	7	0.4870623145400592	0.1666666666666667	0.43021085552865224	0.375	Female	2009.0	1	0	0	1	0	0	1	0
174	Gentoo	Biscoe	0.7197400487408611	9	0.5236363636363636	0.1666666666666667	0.6949152542372882	0.4722222222222222	Female	2007.0	0	0	1	1	0	0	1	0
175	Gentoo	Biscoe	0.256431085838072	9	0.5163636363636362	0.32142857142857156	0.7288135593220338	0.6527777777777778	Male	2007.0	0	0	1	1	0	0	0	1
176	Gentoo	Biscoe	0.25670186839967507	9	0.39272727272727265	0.0	0.7288135593220338	0.6388888888888888	Female	2007.0	0	0	1	1	0	0	1	0
177	Gentoo	Biscoe	0.19712970484700784	11	0.509090909090909	0.23809523809523808	0.7288135593220338	0.6666666666666666	Male	2007.0	0	0	1	1	0	0	0	1
178	Gentoo	Biscoe	0.1345789331167073	13	0.45090909090909087	0.142857142857143	0.7457627118644068	0.3888888888888889	Male	2007.0	0	0	1	1	0	0	0	1
179	Gentoo	Biscoe	0.00785269428648795	12	0.5709090909090907	0.22619047619047622	0.7288135593220338	0.8194444444444444	Male	2007.0	0	0	1	1	0	0	0	1
180	Gentoo	Biscoe	0.8044949905226103	9	0.5854545454545456	0.142857142857143	0.6440677966101694	0.5277777777777778	Female	2007.0	0	0	1	1	0	0	1	0
181	Gentoo	Biscoe	0.4616842675331709	14	0.6509090909090909	0.26190476190476203	0.8135593220338984	0.7916666666666666	Male	2007.0	0	0	1	1	0	0	0	1
182	Gentoo	Biscoe	0.35987002437043053	12	0.5527272727272726	0.26190476190476203	0.847457627118644	0.7083333333333334	Male	2007.0	0	0	1	1	0	0	0	1
183	Gentoo	Biscoe	0.9406986190089358	9	0.38909090909090893	0.1309523809523809	0.6271186440677966	0.5555555555555556	Female	2007.0	0	0	1	1	0	0	1	0
184	Gentoo	Biscoe	0.8627132412672623	9	0.4727272727272727	0.1666666666666667	0.5932203389830508	0.6527777777777778	Female	2007.0	0	0	1	1	0	0	1	0
185	Gentoo	Biscoe	0.7381532629298673	11	1.0	0.4642857142857143	0.9830508474576272	0.9305555555555556	Male	2007.0	0	0	1	1	0	0	0	1
186	Gentoo	Biscoe	0.44679122664500404	14	0.6181818181818182	0.2023809523809525	0.8135593220338984	0.6805555555555556	Female	2008.0	0	0	1	1	0	0	1	0
187	Gentoo	Biscoe	0.5331708637963715	9	0.5927272727272727	0.38095238095238104	0.8135593220338984	0.75	Male	2008.0	0	0	1	1	0	0	0	1
188	Gentoo	Biscoe	0.347414026536691	9	0.38181818181818183	0.07142857142857138	0.6949152542372882	0.625	Female	2008.0	0	0	1	1	0	0	1	0
189	Gentoo	Biscoe	0.31248307608989984	12	0.44727272727272716	0.5000000000000001	0.7966101694915254	0.7083333333333334	Male	2008.0	0	0	1	1	0	0	0	1
190	Gentoo	Biscoe	0.05578120769022475	7	0.4327272727272727	0.05952380952380952	0.4366928974979824	0.4583333333333333	Female	2008.0	0	0	1	1	0	0	1	0
191	Gentoo	Biscoe	0.27078256160303277	11	0.6036363636363636	0.3095238095238095	0.6101694915254238	0.7361111111111112	Male	2008.0	0	0	1	1	0	0	0	1
192	Gentoo	Biscoe	0.41754670999187654	12	0.3854545454545455	0.07142857142857138	0.6101694915254238	0.3472222222222222	Female	2008.0	0	0	1	1	0	0	1	0
193	Adelie	Biscoe	0.8226374221500136	8	0.6363636363636364	0.3452380952380953	0.8983050847457628	0.8333333333333334	Male	2008.0	1	0	0	1	0	0	0	1
194	Gentoo	Biscoe	0.7286758732737612	11	0.47999999999999987	0.07142857142857138	0.6440677966101694	0.4444444444444444	Female	2008.0	0	0	1	1	0	0	1	0
195	Gentoo	Biscoe	0.12103980503655565	10	0.6363636363636364	0.22619047619047622	0.7457627118644068	0.5694444444444444	Male	2008.0	0	0	1	1	0	0	0	1
196	Gentoo	Biscoe	0.7963715136745194	11	0.6690909090909091	0.3333333333333334	0.847457627118644	0.7916666666666666	Male	2008.0	0	0	1	1	0	0	0	1
197	Gentoo	Biscoe	0.6807473598700243	10	0.41818181818181815	0.09523809523809532	0.7627118644067796	0.6111111111111112	Female	2008.0	0	0	1	1	0	0	1	0
198	Gentoo	Biscoe	0.0934199837530463	11	0.48727272727272725	0.09523809523809532	0.6440677966101694	0.4166666666666667	Female	2008.0	0	0	1	1	0	0	1	0
199	Gentoo	Biscoe	0.4917411318711075	7	0.6690909090909091	0.3333333333333334	0.8983050847457628	0.75	Male	2008.0	0	0	1	1	0	0	0	1
200	Gentoo	Biscoe	0.8667749796913079	9	0.46545454545454534	0.023809523809523937	0.6949152542372882	0.6666666666666666	Female	2008.0	0	0	1	1	0	0	1	0
201	Gentoo	Biscoe	0.9997292174383969	9	0.47636363636363643	0.32142857142857156	0.7288135593220338	0.7222222222222222	Male	2008.0	0	0	1	1	0	0	0	1
202	Gentoo	Biscoe	0.29298673165448147	14	0.5272727272727272	0.1309523809523809	0.6440677966101694	0.5972222222222222	Female	2008.0	0	0	1	1	0	0	1	0
203	Gentoo	Biscoe	0.40779853777416736	8	0.5963636363636363	0.11904761904761904	0.8135593220338984	0.7222222222222222	Male	2008.0	0	0	1	1	0	0	0	1
204	Gentoo	Biscoe	0.9596533983211482	13	0.4727272727272727	0.15476190476190485	0.6440677966101694	0.4722222222222222	Female	2008.0	0	0	1	1	0	0	1	0
205	Gentoo	Biscoe	0.8478202003790956	13	0.6545454545454545	0.22619047619047622	0.8983050847457628	0.6388888888888888	Male	2008.0	0	0	1	1	0	0	0	1
206	Gentoo	Biscoe	0.3845112374763065	9	0.5236363636363636	0.15476190476190485	0.7627118644067796	0.6111111111111112	Female	2008.0	0	0	1	1	0	0	1	0
207	Gentoo	Biscoe	0.9680476577308421	9	0.46909090909090906	0.2738095238095239	0.8135593220338984	0.6527777777777778	Male	2008.0	0	0	1	1	0	0	0	1
208	Gentoo	Biscoe	0.4974275656647712	11	0.4254545454545453	0.09523809523809532	0.6101694915254238	0.4444444444444444	Female	2008.0	0	0	1	1	0	0	1	0
209	Gentoo	Biscoe	0.941781749255348	10	0.48727272727272725	0.22619047619047622	0.8135593220338984	0.6388888888888888	Male	2008.0	0	0	1	1	0	0	0	1
210	Gentoo	Biscoe	0.4010289737340915	11	0.46909090909090906	0.1666666666666667	0.6101694915254238	0.4861111111111111	Female	2008.0	0	0	1	1	0	0	1	0
211	Gentoo	Biscoe	0.7465475223395613	13	0.6654545454545453	0.26190476190476203	0.8813559322033898	0.7916666666666666	Male	2008.0	0	0	1	1	0	0	0	1
212	Gentoo	Biscoe	0.13918223666395885	11	0.47999999999999987	0.08333333333333345	0.6101694915254238	0.4166666666666667	Female	2008.0	0	0	1	1	0	0	1	0
213	Gentoo	Biscoe	0.48307608989981043	14	0.5127272727272728	0.21428571428571436	0.8305084745762712	0.7222222222222222	Male	2008.0	0	0	1	1	0	0	0	1
214	Gentoo	Biscoe	0.7706471703222313	8	0.4945454545454546	0.5855140855140856	0.711864406779661	0.4722222222222222	Female	2008.0	0	0	1	1	0	0	1	0
215	Gentoo	Biscoe	0.6046574600595722	13	0.8072727272727271	0.3095238095238095	1.0	0.8194444444444444	Male	2008.0	0	0	1	1	0	0	0	1
216	Gentoo	Biscoe	0.6831844029244517	10	0.498181818181818	0.1309523809523809	0.7966101694915254	0.5555555555555556	Female	2008.0	0	0	1	1	0	0	1	0
217	Gentoo	Biscoe	0.5889520714865962	7	0.6436363636363635	0.4404761904761906	0.9830508474576272	0.8333333333333334	Male	2008.0	0	0	1	1	0	0	0	1
218	Gentoo	Biscoe	0.6804765773084214	14	0.5127272727272728	0.15476190476190485	0.711864406779661	0.5416666666666666	Male	2008.0	0	0	1	1	0	0	0	1
219	Gentoo	Biscoe	0.6108854589764419	9	0.6327272727272727	0.369047619047619	0.9661016949152542	0.8611111111111112	Male	2008.0	0	0	1	1	0	0	0	1
220	Gentoo	Biscoe	0.3709721093961549	12	0.4145454545454545	0.1309523809523809	0.8135593220338984	0.5555555555555556	Female	2008.0	0	0	1	1	0	0	1	0
221	Gentoo	Biscoe	0.5144868670457623	13	0.6763636363636364	0.22619047619047622	0.864406779661017	0.7916666666666666	Male	2008.0	0	0	1	1	0	0	0	1
222	Gentoo	Biscoe	0.5505009477389656	11	0.5672727272727274	0.22619047619047622	0.7457627118644068	0.5694444444444444	Female	2008.0	0	0	1	1	0	0	1	0
223	Gentoo	Biscoe	0.4343352288112646	7	0.5199999999999999	0.2976190476190476	0.8305084745762712	0.6388888888888888	Male	2008.0	0	0	1	1	0	0	0	1
224	Gentoo	Biscoe	0.4113187110750068	11	0.5854545454545456	0.2976190476190476	0.8305084745762712	0.6666666666666666	Male	2008.0	0	0	1	1	0	0	0	1
225	Adelie	Biscoe	0.6552937990793393	12	0.5236363636363636	0.2023809523809525	0.7627118644067796	0.6944444444444444	Female	2008.0	1	0	0	1	0	0	1	0
226	Gentoo	Biscoe	0.9856485242350392	12	0.5199999999999999	0.22619047619047622	0.7457627118644068	0.5555555555555556	Female	2008.0	0	0	1	1	0	0	1	0
227	Gentoo	Biscoe	0.3287300297860818	12	0.6	0.3452380952380953	0.9830508474576272	0.8611111111111112	Male	2008.0	0	0	1	1	0	0	0	1
228	Gentoo	Biscoe	0.4568101814243163	9	0.5599999999999999	0.5855140855140856	0.4366928974979824	0.375	Female	2008.0	0	0	1	1	0	0	1	0
229	Gentoo	Biscoe	0.15651232060655293	9	0.6909090909090909	0.38095238095238104	0.8135593220338984	0.9166666666666666	Male	2008.0	0	0	1	1	0	0	0	1
230	Gentoo	Biscoe	0.8830219333874898	9	0.47636363636363643	0.08333333333333345	0.7288135593220338	0.5694444444444444	Female	2008.0	0	0	1	1	0	0	1	0
231	Gentoo	Biscoe	0.6041158949363661	11	0.47636363636363643	0.39285714285714274	0.864406779661017	0.9027777777777778	Male	2008.0	0	0	1	1	0	0	0	1
232	Gentoo	Biscoe	0.63660980232873	11	0.6181818181818182	0.1666666666666667	0.6779661016949152	0.5347222222222222	Female	2009.0	0	0	1	1	0	0	1	0
233	Gentoo	Biscoe	0.23503926347143245	8	0.7418181818181818	0.2976190476190476	0.8305084745762712	0.7638888888888888	Male	2009.0	0	0	1	1	0	0	0	1
234	Gentoo	Biscoe	0.15732466829136205	11	0.5563636363636363	0.17857142857142858	0.6779661016949152	0.5625	Female	2009.0	0	0	1	1	0	0	1	0
235	Gentoo	Biscoe	0.3655564581640942	8	0.6509090909090909	0.5855140855140856	0.8813559322033898	0.7361111111111112	Male	2009.0	0	0	1	1	0	0	0	1
236	Gentoo	Biscoe	0.7319252640129975	9	0.46545454545454534	0.08333333333333345	0.6779661016949152	0.5694444444444444	Female	2009.0	0	0	1	1	0	0	1	0
237	Gentoo	Biscoe	0.6284863254806391	14	0.6799999999999998	0.5000000000000001	0.9491525423728814	0.8055555555555556	Male	2009.0	0	0	1	1	0	0	0	1
238	Gentoo	Biscoe	0.36149471974004876	8	0.4109090909090908	0.15476190476190485	0.43021085552865224	0.5277777777777778	Female	2009.0	0	0	1	1	0	0	1	0
239	Gentoo	Biscoe	0.5258597346330897	9	0.698181818181818	0.1309523809523809	0.7796610169491526	0.7222222222222222	Male	2009.0	0	0	1	1	0	0	0	1
240	Gentoo	Biscoe	0.7730842133766586	9	0.5599999999999999	0.10714285714285718	0.6779661016949152	0.6041666666666666	Female	2009.0	0	0	1	1	0	0	1	0
241	Gentoo	Biscoe	0.28107229894394803	13	0.7272727272727273	0.4642857142857143	0.9830508474576272	0.7916666666666666	Male	2009.0	0	0	1	1	0	0	0	1
242	Gentoo	Biscoe	0.9764419171405362	13	0.5599999999999999	0.22619047619047622	0.7796610169491526	0.625	Female	2009.0	0	0	1	1	0	0	1	0
243	Gentoo	Biscoe	0.17492553479555917	7	0.730909090909091	0.4761904761904764	0.9491525423728814	0.75	Male	2009.0	0	0	1	1	0	0	0	1
244	Gentoo	Biscoe	0.6607094503113999	11	0.48727272727272725	0.1666666666666667	0.6779661016949152	0.5694444444444444	Female	2009.0	0	0	1	1	0	0	1	0
245	Gentoo	Biscoe	0.6292986731654482	13	0.6327272727272727	0.3571428571428573	0.8813559322033898	0.8194444444444444	Male	2009.0	0	0	1	1	0	0	0	1
246	Gentoo	Biscoe	0.05253181695098836	14	0.45090909090909087	0.19047619047619044	0.711864406779661	0.5972222222222222	Female	2009.0	0	0	1	1	0	0	1	0
247	Gentoo	Biscoe	0.3660980232873003	10	0.6799999999999998	0.3095238095238095	0.9152542372881356	0.6944444444444444	Male	2009.0	0	0	1	1	0	0	0	1
248	Gentoo	Biscoe	0.31302464121310586	10	0.629090909090909	0.32142857142857156	0.7457627118644068	0.6180555555555556	Male	2009.0	0	0	1	1	0	0	0	1
249	Gentoo	Biscoe	0.0479285134037368	10	0.5381818181818181	0.17857142857142858	0.847457627118644	0.6041666666666666	Female	2009.0	0	0	1	1	0	0	1	0
250	Gentoo	Biscoe	0.42350392634714323	8	0.5927272727272727	0.15476190476190485	0.5254237288135594	0.5347222222222222	Female	2009.0	0	0	1	1	0	0	1	0
251	Gentoo	Biscoe	0.5940969401570538	11	0.6909090909090909	0.40476190476190477	0.8983050847457628	0.7083333333333334	Male	2009.0	0	0	1	1	0	0	0	1
252	Gentoo	Biscoe	0.48199295965339833	8	0.5963636363636363	0.22619047619047622	0.7966101694915254	0.5972222222222222	Female	2009.0	0	0	1	1	0	0	1	0
253	Gentoo	Biscoe	0.396967235310046	7	0.8654545454545454	0.4642857142857143	0.9491525423728814	0.8055555555555556	Male	2009.0	0	0	1	1	0	0	0	1
254	Gentoo	Biscoe	0.005957216355266721	14	0.5490909090909092	0.28571428571428575	0.7288135593220338	0.6319444444444444	Female	2009.0	0	0	1	1	0	0	1	0
255	Gentoo	Biscoe	0.5542919036014081	7	0.6181818181818182	0.22619047619047622	0.9491525423728814	0.7777777777777778	Male	2009.0	0	0	1	1	0	0	0	1
256	Gentoo	Biscoe	0.26157595450852966	9	0.5527272727272726	0.08333333333333345	0.7457627118644068	0.5625	Male	2009.0	0	0	1	1	0	0	0	1
257	Gentoo	Biscoe	0.7668562144597888	7	0.5345454545454544	0.3571428571428573	0.7288135593220338	0.7777777777777778	Male	2009.0	0	0	1	1	0	0	0	1
258	Gentoo	Biscoe	0.017871649065800164	9	0.3490909090909091	0.19047619047619044	0.6440677966101694	0.5555555555555556	Female	2009.0	0	0	1	1	0	0	1	0
259	Gentoo	Biscoe	0.3655564581640942	12	0.7745454545454544	0.32142857142857156	0.7966101694915254	0.7777777777777778	Male	2009.0	0	0	1	1	0	0	0	1
260	Gentoo	Biscoe	0.029515299214730572	14	0.4072727272727271	0.10714285714285718	0.6101694915254238	0.5208333333333334	Female	2009.0	0	0	1	1	0	0	1	0
261	Gentoo	Biscoe	0.09423233143785541	13	0.5818181818181818	0.5855140855140856	0.6271186440677966	0.7777777777777778	Male	2009.0	0	0	1	1	0	0	0	1
262	Gentoo	Biscoe	0.8034118602761983	12	0.6690909090909091	0.24999999999999994	0.7457627118644068	0.6388888888888888	Female	2009.0	0	0	1	1	0	0	1	0
263	Gentoo	Biscoe	0.5090712158137016	14	0.6436363636363635	0.3333333333333334	0.9661016949152542	0.9027777777777778	Male	2009.0	0	0	1	1	0	0	0	1
264	Gentoo	Biscoe	0.4611427024099648	10	0.4145454545454545	0.24999999999999994	0.6949152542372882	0.5416666666666666	Female	2009.0	0	0	1	1	0	0	1	0
265	Gentoo	Biscoe	0.054427294882209584	13	0.7054545454545454	0.38095238095238104	0.9830508474576272	0.7777777777777778	Male	2009.0	0	0	1	1	0	0	0	1
266	Gentoo	Biscoe	0.09531546168426754	7	0.5127272727272728	0.11904761904761904	0.7627118644067796	0.4652777777777778	Female	2009.0	0	0	1	1	0	0	1	0
267	Gentoo	Biscoe	0.6967235310046033	7	0.8363636363636363	0.3452380952380953	0.9830508474576272	0.875	Male	2009.0	0	0	1	1	0	0	0	1
268	Gentoo	Biscoe	0.024370430544272948	8	0.45090909090909087	0.3095238095238095	0.7627118644067796	0.6041666666666666	Male	2009.0	0	0	1	1	0	0	0	1
269	Gentoo	Biscoe	0.405090712158137	13	0.6072727272727271	0.369047619047619	0.847457627118644	0.9166666666666666	Male	2009.0	0	0	1	1	0	0	0	1
270	Gentoo	Biscoe	0.8957487137828324	11	0.5490909090909092	0.07142857142857138	0.711864406779661	0.6180555555555556	Female	2009.0	0	0	1	1	0	0	1	0
271	Gentoo	Biscoe	0.14513945301922557	13	0.4870623145400592	0.5855140855140856	0.4366928974979824	0.375	Male	2009.0	0	0	1	1	0	0	0	1
272	Gentoo	Biscoe	0.4197129704847008	9	0.5345454545454544	0.142857142857143	0.7288135593220338	0.5972222222222222	Female	2009.0	0	0	1	1	0	0	1	0
273	Gentoo	Biscoe	0.9851069591118332	7	0.6654545454545453	0.3095238095238095	0.847457627118644	0.8472222222222222	Male	2009.0	0	0	1	1	0	0	0	1
274	Gentoo	Biscoe	0.3116707284050907	7	0.47636363636363643	0.2023809523809525	0.6779661016949152	0.6944444444444444	Female	2009.0	0	0	1	1	0	0	1	0
275	Gentoo	Biscoe	0.8443000270782561	10	0.6472727272727272	0.3571428571428573	0.6949152542372882	0.75	Male	2009.0	0	0	1	1	0	0	0	1
276	Chinstrap	Dream	0.3782832385594368	8	0.5236363636363636	0.5714285714285713	0.3389830508474576	0.2222222222222222	Female	2007.0	0	1	0	0	1	0	1	0
277	Chinstrap	Dream	0.11562415380449499	7	0.6509090909090909	0.7619047619047619	0.4067796610169492	0.3333333333333333	Male	2007.0	0	1	0	0	1	0	0	1
278	Chinstrap	Dream	0.2553479555916599	14	0.698181818181818	0.7261904761904762	0.3559322033898305	0.2638888888888889	Male	2007.0	0	1	0	0	1	0	0	1
279	Chinstrap	Biscoe	0.49634443541835904	9	0.46909090909090906	0.6666666666666666	0.4366928974979824	0.22916666666666666	Female	2007.0	0	1	0	1	0	0	1	0
280	Chinstrap	Dream	0.3842404549147035	14	0.7490909090909091	0.7976190476190477	0.423728813559322	0.2847222222222222	Male	2007.0	0	1	0	0	1	0	0	1
281	Chinstrap	Dream	0.11345789331167073	7	0.47636363636363643	0.5595238095238096	0.4406779661016949	0.3472222222222222	Female	2007.0	0	1	0	0	1	0	1	0
282	Chinstrap	Dream	0.3577037638776063	12	0.509090909090909	0.6071428571428571	0.1016949152542373	0.1527777777777778	Female	2007.0	0	1	0	0	1	0	1	0
283	Chinstrap	Biscoe	0.8900622799891686	14	0.698181818181818	0.6071428571428571	0.4366928974979824	0.375	Male	2007.0	0	1	0	1	0	0	0	1
284	Chinstrap	Dream	0.7238017871649066	8	0.5054545454545454	0.6904761904761904	0.3898305084745763	0.4027777777777778	Female	2007.0	0	1	0	0	1	0	1	0
285	Chinstrap	Dream	0.3100460330354725	8	0.698181818181818	0.8095238095238093	0.4406779661016949	0.2777777777777778	Male	2007.0	0	1	0	0	1	0	0	1
286	Chinstrap	Dream	0.11833197942052531	9	0.5272727272727272	0.5595238095238096	0.3559322033898305	0.3055555555555556	Female	2007.0	0	1	0	0	1	0	1	0
287	Chinstrap	Dream	0.5802870295152992	11	0.7127272727272728	0.8571428571428572	0.3728813559322034	0.2986111111111111	Male	2007.0	0	1	0	0	1	0	0	1
288	Chinstrap	Dream	0.7655023016517736	11	0.5418181818181818	0.5000000000000001	0.22033898305084745	0.2777777777777778	Female	2007.0	0	1	0	0	1	0	1	0
289	Chinstrap	Dream	0.5968047657730842	8	0.7236363636363636	0.5952380952380955	0.4915254237288136	0.375	Male	2007.0	0	1	0	0	1	0	0	1
290	Chinstrap	Dream	0.24911995667479014	11	0.5018181818181817	0.4761904761904764	0.3050847457627119	0.24305555555555555	Female	2007.0	0	1	0	0	1	0	1	0
291	Chinstrap	Dream	0.7573788248036827	10	0.6690909090909091	0.773809523809524	0.4915254237288136	0.375	Male	2007.0	0	1	0	0	1	0	0	1
292	Chinstrap	Dream	0.24749526130517194	11	0.6618181818181816	0.8214285714285714	0.423728813559322	0.16666666666666666	Male	2007.0	0	1	0	0	1	0	0	1
293	Chinstrap	Dream	0.07284050907121581	10	0.9418181818181818	0.5595238095238096	0.15254237288135594	0.2777777777777778	Female	2007.0	0	1	0	0	1	0	1	0
294	Chinstrap	Dream	0.4335228811264555	11	0.5199999999999999	0.654761904761905	0.3050847457627119	0.20833333333333334	Female	2007.0	0	1	0	0	1	0	1	0
295	Chinstrap	Dream	0.1115624153804495	10	0.6218181818181818	0.6071428571428571	0.3898305084745763	0.4722222222222222	Male	2007.0	0	1	0	0	1	0	0	1
296	Chinstrap	Dream	0.8080151638234497	12	0.37454545454545446	0.5000000000000001	0.15254237288135594	0.25	Female	2007.0	0	1	0	0	1	0	1	0
297	Chinstrap	Dream	0.36257784998646087	9	0.5963636363636363	0.5238095238095238	0.43021085552865224	0.19444444444444445	Male	2007.0	0	1	0	0	1	0	0	1
298	Chinstrap	Dream	0.4614134849715678	14	0.4036363636363637	0.41666666666666685	0.2542372881355932	0.05555555555555555	Female	2007.0	0	1	0	0	1	0	1	0
299	Chinstrap	Dream	0.22691578662334147	14	0.6727272727272727	0.7499999999999999	0.3559322033898305	0.3055555555555556	Male	2007.0	0	1	0	0	1	0	0	1
300	Chinstrap	Dream	0.41944218792309773	9	0.530909090909091	0.5714285714285713	0.3898305084745763	0.16666666666666666	Female	2007.0	0	1	0	0	1	0	1	0
301	Chinstrap	Dream	0.0777145951800704	9	0.7236363636363636	0.7023809523809524	0.423728813559322	0.4027777777777778	Male	2007.0	0	1	0	0	1	0	0	1
302	Chinstrap	Dream	0.1348497156783103	13	0.6690909090909091	0.6309523809523808	0.4745762711864407	0.19444444444444445	Female	2008.0	0	1	0	0	1	0	1	0
303	Chinstrap	Dream	0.7162198754400216	9	0.6327272727272727	0.7023809523809524	0.4745762711864407	0.3055555555555556	Male	2008.0	0	1	0	0	1	0	0	1
304	Chinstrap	Dream	0.9434064446249661	7	0.5199999999999999	0.5595238095238096	0.3220338983050847	0.2777777777777778	Female	2008.0	0	1	0	0	1	0	1	0
305	Chinstrap	Dream	0.13836988897914973	10	0.7527272727272726	0.8214285714285714	0.559322033898305	0.5138888888888888	Male	2008.0	0	1	0	0	1	0	0	1
306	Chinstrap	Dream	0.47251556999729216	7	0.3199999999999999	0.41666666666666685	0.2542372881355932	0.1388888888888889	Female	2008.0	0	1	0	0	1	0	1	0
307	Chinstrap	Dream	0.0314107771459518	8	0.8036363636363637	0.9166666666666667	0.4915254237288136	0.4444444444444444	Male	2008.0	0	1	0	0	1	0	0	1
308	Chinstrap	Dream	0.925534795559166	11	0.3781818181818181	0.4285714285714285	0.2542372881355932	0.18055555555555555	Female	2008.0	0	1	0	0	1	0	1	0
309	Chinstrap	Dream	0.5280259951259139	10	0.6872727272727273	0.6785714285714287	0.5254237288135594	0.3888888888888889	Male	2008.0	0	1	0	0	1	0	0	1
310	Chinstrap	Dream	0.21960465746005958	10	0.64	0.654761904761905	0.3898305084745763	0.25	Male	2008.0	0	1	0	0	1	0	0	1
311	Chinstrap	Dream	0.3363119415109667	10	0.5599999999999999	0.4404761904761906	0.4576271186440678	0.3333333333333333	Female	2008.0	0	1	0	0	1	0	1	0
312	Chinstrap	Dream	0.6647711887354454	14	0.5636363636363636	0.6190476190476192	0.4366928974979824	0.3194444444444444	Female	2008.0	0	1	0	0	1	0	1	0
313	Chinstrap	Dream	0.39967506092607635	13	0.7236363636363636	0.9047619047619047	0.6440677966101694	0.5833333333333334	Male	2008.0	0	1	0	0	1	0	0	1
314	Chinstrap	Dream	0.08448415922014622	7	0.5381818181818181	0.41666666666666685	0.3389830508474576	0.0	Female	2008.0	0	1	0	0	1	0	1	0
315	Chinstrap	Dream	0.25318169509883565	13	0.7781818181818181	0.8095238095238093	0.559322033898305	0.5	Male	2008.0	0	1	0	0	1	0	0	1
316	Chinstrap	Dream	0.2910912537232602	9	0.6145454545454545	0.7619047619047619	0.6440677966101694	0.3472222222222222	Male	2008.0	0	1	0	0	1	0	0	1
317	Chinstrap	Dream	0.8202003790955863	8	0.5127272727272728	0.5238095238095238	0.2542372881355932	0.2638888888888889	Female	2008.0	0	1	0	0	1	0	1	0
318	Chinstrap	Dream	0.7801245599783374	13	0.6836363636363635	0.7142857142857144	0.4067796610169492	0.2361111111111111	Male	2008.0	0	1	0	0	1	0	0	1
319	Adelie	Dream	0.3154616842675332	13	0.48727272727272725	0.5855140855140856	0.4067796610169492	0.375	Female	2008.0	1	0	0	0	1	0	1	0
320	Chinstrap	Dream	0.018954779312212292	14	0.6836363636363635	0.5714285714285713	0.4067796610169492	0.2708333333333333	Female	2009.0	0	1	0	0	1	0	1	0
321	Chinstrap	Dream	1.0	14	0.6799999999999998	0.6428571428571429	0.4915254237288136	0.4861111111111111	Male	2009.0	0	1	0	0	1	0	0	1
322	Chinstrap	Dream	0.08069320335770376	9	0.46909090909090906	0.5714285714285713	0.43021085552865224	0.19444444444444445	Female	2009.0	0	1	0	0	1	0	1	0
323	Chinstrap	Dream	0.2049823991334958	14	0.6145454545454545	0.773809523809524	0.6779661016949152	0.4444444444444444	Male	2009.0	0	1	0	0	1	0	0	1
324	Chinstrap	Dream	0.1131871107500677	11	0.7054545454545454	0.6666666666666666	0.2542372881355932	0.1527777777777778	Male	2009.0	0	1	0	0	1	0	0	1
325	Chinstrap	Dream	0.050365556458164096	10	0.6436363636363635	0.5000000000000001	0.4406779661016949	0.2708333333333333	Female	2009.0	0	1	0	0	1	0	1	0
326	Chinstrap	Dream	0.5499593826157595	13	0.5818181818181818	0.39285714285714274	0.4576271186440678	0.1736111111111111	Female	2009.0	0	1	0	0	1	0	1	0
327	Chinstrap	Dream	0.9488220958570268	10	0.7018181818181817	0.7023809523809524	0.4915254237288136	0.3472222222222222	Male	2009.0	0	1	0	0	1	0	0	1
328	Chinstrap	Dream	0.6552937990793393	12	0.4945454545454546	0.5000000000000001	0.3559322033898305	0.25	Female	2009.0	0	1	0	0	1	0	1	0
329	Chinstrap	Dream	0.006498781478472786	12	0.6763636363636364	0.7857142857142856	0.5254237288135594	0.375	Male	2009.0	0	1	0	0	1	0	0	1
330	Chinstrap	Dream	0.21121039805036557	7	0.3781818181818181	0.5000000000000001	0.2542372881355932	0.18055555555555555	Female	2009.0	0	1	0	0	1	0	1	0
331	Chinstrap	Dream	0.751692391010019	12	0.730909090909091	0.6785714285714287	0.423728813559322	0.20833333333333334	Male	2009.0	0	1	0	0	1	0	0	1
332	Chinstrap	Dream	0.8285946385052803	9	0.47636363636363643	0.41666666666666685	0.3220338983050847	0.1527777777777778	Female	2009.0	0	1	0	0	1	0	1	0
333	Chinstrap	Dream	0.5147576496073653	8	0.6254545454545453	0.8095238095238093	0.5254237288135594	0.375	Male	2009.0	0	1	0	0	1	0	0	1
334	Chinstrap	Biscoe	0.10533441646357974	7	0.6581818181818182	0.6785714285714287	0.5084745762711864	0.3055555555555556	Male	2009.0	0	1	0	1	0	0	0	1
335	Chinstrap	Dream	0.999458434876794	13	0.46909090909090906	0.7499999999999999	0.3728813559322034	0.22916666666666666	Female	2009.0	0	1	0	0	1	0	1	0
336	Chinstrap	Dream	0.8654210668832927	7	0.7199999999999999	0.7619047619047619	0.576271186440678	0.3472222222222222	Male	2009.0	0	1	0	0	1	0	0	1
337	Chinstrap	Dream	0.14432710533441645	9	0.5345454545454544	0.40476190476190477	0.288135593220339	0.2638888888888889	Female	2009.0	0	1	0	0	1	0	1	0
338	Chinstrap	Biscoe	0.07906850798808557	12	0.4870623145400592	0.4642857142857143	0.3898305084745763	0.2638888888888889	Female	2009.0	0	1	0	1	0	0	1	0
339	Chinstrap	Dream	0.35797454643920934	11	0.8618181818181817	0.7976190476190477	0.5932203389830508	0.3611111111111111	Male	2009.0	0	1	0	0	1	0	0	1
340	Chinstrap	Dream	0.1643650148930409	9	0.4145454545454545	0.5952380952380955	0.5084745762711864	0.19444444444444445	Female	2009.0	0	1	0	0	1	0	1	0
341	Chinstrap	Dream	0.9599241808827511	10	0.6363636363636364	0.6071428571428571	0.3559322033898305	0.2986111111111111	Male	2009.0	0	1	0	0	1	0	0	1
342	Chinstrap	Dream	0.32520985648524237	7	0.6799999999999998	0.7023809523809524	0.6440677966101694	0.3888888888888889	Male	2009.0	0	1	0	0	1	0	0	1
343	Chinstrap	Dream	0.702409964798267	7	0.6581818181818182	0.6666666666666666	0.4406779661016949	0.2986111111111111	Female	2009.0	0	1	0	0	1	0	1	0
